#X	Y	dX	dY	
1	1	0.57393908500671	0.28400820493698	
1	2	0.59909331798553	0.43955311179161	
1	3	0.63441121578217	0.19150666892529	
1	4	0.57044440507889	0.017969988286495	
1	5	0.53074043989182	0.07829362899065	
1	6	0.54560798406601	0.25748744606972	
1	7	0.30717492103577	0.32125303149223	
1	8	0.79131877422333	0.28752183914185	
1	9	0.7282811999321	0.2996261715889	
1	10	0.71941512823105	0.37734633684158	
1	11	0.71507430076599	0.24165026843548	
1	12	0.47566503286362	-0.062019437551498	
1	13	0.54218775033951	0.075299024581909	
1	14	0.56666189432144	0.38564741611481	
1	15	0.5906189084053	0.30592083930969	
1	16	0.30112674832344	0.51846122741699	
1	17	0.31824922561646	0.56561881303787	
1	18	0.45311218500137	0.603908598423	
1	19	0.55622470378876	0.42436498403549	
1	20	0.3435370028019	0.34205120801926	
1	21	0.24143433570862	0.2407208532095	
1	22	0.092565327882767	0.34221944212914	
1	23	0.017865471541882	0.17416346073151	
1	24	-0.062497727572918	0.21573594212532	
1	25	-0.2323414683342	0.39961206912994	
1	26	-0.34538444876671	0.051499649882317	
1	27	-0.58715522289276	0.027532834559679	
1	28	-0.43322470784187	0.062403447926044	
1	29	-0.20363895595074	0.094279289245605	
2	1	0.19327934086323	0.14725579321384	
2	2	0.26975265145302	0.33449921011925	
2	3	0.37243622541428	0.14028485119343	
2	4	0.26300784945488	0.017944168299437	
2	5	0.20160689949989	0.075249120593071	
2	6	0.18138919770718	0.27642565965652	
2	7	-0.052671514451504	0.27888685464859	
2	8	0.44739881157875	0.28394210338593	
2	9	0.33173698186874	0.26762443780899	
2	10	0.31324675679207	0.30624362826347	
2	11	0.25139987468719	0.13588151335716	
2	12	0.078075267374516	-0.17496080696583	
2	13	0.18132501840591	-0.099350810050964	
2	14	0.14720924198627	0.17719492316246	
2	15	0.22071635723114	0.15005289018154	
2	16	-0.048976197838783	0.30928260087967	
2	17	-0.019411174580455	0.34973976016045	
2	18	0.1546456515789	0.38137304782867	
2	19	0.32016628980637	0.2599573135376	
2	20	0.17392522096634	0.15473811328411	
2	21	0.11677277088165	0.097829580307007	
2	22	-0.0091225346550345	0.26116800308228	
2	23	-0.11736981570721	0.14979030191898	
2	24	-0.14287377893925	0.14868246018887	
2	25	-0.30185961723328	0.39084854722023	
2	26	-0.36182287335396	-0.0025757460389286	
2	27	-0.54938220977783	0.0030643257778138	
2	28	-0.45158782601357	0.041714571416378	
2	29	-0.25380074977875	0.01111823040992	
3	1	0.21906280517578	0.21723824739456	
3	2	0.2685472369194	0.47186869382858	
3	3	0.36376413702965	0.30458450317383	
3	4	0.28305420279503	0.14026875793934	
3	5	0.20662580430508	0.21194562315941	
3	6	0.20197457075119	0.41068696975708	
3	7	0.026862038299441	0.37546643614769	
3	8	0.48857006430626	0.40755361318588	
3	9	0.39837819337845	0.41340532898903	
3	10	0.35842591524124	0.4482943713665	
3	11	0.31689554452896	0.26241111755371	
3	12	0.18221071362495	-0.060863368213177	
3	13	0.28201752901077	0.0021804547868669	
3	14	0.21589145064354	0.29175236821175	
3	15	0.29988175630569	0.30547603964806	
3	16	0.041400566697121	0.43725734949112	
3	17	0.057409934699535	0.41438496112823	
3	18	0.27481660246849	0.4554046690464	
3	19	0.42042416334152	0.39395850896835	
3	20	0.26306182146072	0.24958679080009	
3	21	0.26112702488899	0.21592001616955	
3	22	0.072927929461002	0.38189285993576	
3	23	-0.086396880447865	0.26780885457993	
3	24	-0.13490007817745	0.31558585166931	
3	25	-0.32015126943588	0.52516198158264	
3	26	-0.32666450738907	0.11013267189264	
3	27	-0.48285439610481	0.1829921901226	
3	28	-0.43210795521736	0.16923612356186	
3	29	-0.23858952522278	0.11101950705051	
4	1	0.11204842478037	-0.20991857349873	
4	2	0.11584363877773	0.070354670286179	
4	3	0.15406577289104	-0.10675048828125	
4	4	0.097371056675911	-0.24398736655712	
4	5	0.037982113659382	-0.11817870289087	
4	6	0.047217715531588	0.075682938098907	
4	7	-0.1082714125514	0.10263730585575	
4	8	0.38529050350189	0.096955090761185	
4	9	0.28199955821037	0.14638556540012	
4	10	0.21912926435471	0.19450411200523	
4	11	0.12243478000164	0.055594030767679	
4	12	-0.0026058619841933	-0.28617116808891	
4	13	0.14103205502033	-0.17904448509216	
4	14	0.10707842558622	0.15656070411205	
4	15	0.15873695909977	0.12964241206646	
4	16	-0.081357657909393	0.29478350281715	
4	17	-0.1078942194581	0.33075544238091	
4	18	0.17626066505909	0.43675452470779	
4	19	0.33277699351311	0.4239861369133	
4	20	0.16679027676582	0.24764604866505	
4	21	0.1375018954277	0.2673311829567	
4	22	-0.039859764277935	0.37698793411255	
4	23	-0.15079714357853	0.32625180482864	
4	24	-0.15256704390049	0.4358284175396	
4	25	-0.32812201976776	0.60596311092377	
4	26	-0.28016477823257	0.21479615569115	
4	27	-0.45979395508766	0.34737110137939	
4	28	-0.41387867927551	0.36128476262093	
4	29	-0.21070699393749	0.30893549323082	
5	1	0.1684498488903	-0.41637215018272	
5	2	0.21856039762497	-0.17287804186344	
5	3	0.23890443146229	-0.32453861832619	
5	4	0.23766794800758	-0.50343143939972	
5	5	0.16781291365623	-0.36895471811295	
5	6	0.16323240101337	-0.13519328832626	
5	7	-0.033580109477043	-0.073167145252228	
5	8	0.44142305850983	-0.024562543258071	
5	9	0.33679667115211	-0.0042236070148647	
5	10	0.22441692650318	0.069666855037212	
5	11	0.074247218668461	-0.013307796791196	
5	12	-0.014027909375727	-0.39371538162231	
5	13	0.17435695230961	-0.25578796863556	
5	14	0.098233073949814	0.012738541699946	
5	15	0.12158840894699	-0.0038915637414902	
5	16	-0.111347399652	0.15304464101791	
5	17	-0.13090445101261	0.2039780318737	
5	18	0.1245089545846	0.29670974612236	
5	19	0.32664200663567	0.29582235217094	
5	20	0.11848250776529	0.15873722732067	
5	21	0.12307001650333	0.11154139786959	
5	22	-0.022657999768853	0.23982673883438	
5	23	-0.16686554253101	0.21415859460831	
5	24	-0.14876498281956	0.38014414906502	
5	25	-0.35991552472115	0.60786682367325	
5	26	-0.36513429880142	0.26289084553719	
5	27	-0.56928378343582	0.44790944457054	
5	28	-0.51468604803085	0.40211623907089	
5	29	-0.2533121407032	0.38213786482811	
6	1	0.16290298104286	-0.34301629662514	
6	2	0.16139894723892	-0.079685650765896	
6	3	0.12196115404367	-0.16811612248421	
6	4	0.17525301873684	-0.3469386100769	
6	5	0.14438761770725	-0.1456256955862	
6	6	0.16792389750481	0.070165626704693	
6	7	-0.0030203603673726	0.076355397701263	
6	8	0.48424962162971	0.18158796429634	
6	9	0.39005398750305	0.16658933460712	
6	10	0.32949924468994	0.20707775652409	
6	11	0.14631466567516	0.076808445155621	
6	12	0.027021313086152	-0.31668359041214	
6	13	0.2327591329813	-0.22804306447506	
6	14	0.12244277447462	0.089857317507267	
6	15	0.13634711503983	0.1092172935605	
6	16	-0.053555946797132	0.29268458485603	
6	17	-0.046676494181156	0.30729246139526	
6	18	0.15930436551571	0.44819703698158	
6	19	0.35023277997971	0.40211308002472	
6	20	0.11138340085745	0.20115083456039	
6	21	0.063033662736416	0.13673993945122	
6	22	-0.086961753666401	0.28149121999741	
6	23	-0.23994582891464	0.31026986241341	
6	24	-0.20135731995106	0.52354502677917	
6	25	-0.40226745605469	0.71801209449768	
6	26	-0.39908799529076	0.40482449531555	
6	27	-0.57198816537857	0.59996336698532	
6	28	-0.46626099944115	0.52941751480103	
6	29	-0.17155358195305	0.45103275775909	
7	1	0.042029034346342	-0.23719617724419	
7	2	-0.017415391281247	0.07599588483572	
7	3	-0.10040228068829	0.040357977151871	
7	4	-9.3253729573917e-05	-0.11549964547157	
7	5	-0.065984971821308	0.10306870937347	
7	6	0.013760496862233	0.26185643672943	
7	7	-0.20486795902252	0.20277470350266	
7	8	0.25674268603325	0.24000595510006	
7	9	0.15623523294926	0.22414691746235	
7	10	0.10495150834322	0.22406996786594	
7	11	-0.11967221647501	0.13387802243233	
7	12	-0.177923604846	-0.32586541771889	
7	13	-0.0093630151823163	-0.27015599608421	
7	14	-0.17111188173294	0.062600456178188	
7	15	-0.18469029664993	0.1106598302722	
7	16	-0.33861184120178	0.2685883641243	
7	17	-0.26781788468361	0.24438442289829	
7	18	-0.11985042691231	0.42008730769157	
7	19	0.13865378499031	0.41006180644035	
7	20	-0.080839611589909	0.24011994898319	
7	21	-0.1953479796648	0.1197500154376	
7	22	-0.38040512800217	0.26911503076553	
7	23	-0.5034676194191	0.36390563845634	
7	24	-0.50023865699768	0.53989779949188	
7	25	-0.6950609087944	0.67429959774017	
7	26	-0.71020102500916	0.34395650029182	
7	27	-0.81621760129929	0.54128414392471	
7	28	-0.77580910921097	0.47537171840668	
7	29	-0.42492255568504	0.40302842855453	
8	1	-0.038505624979734	-0.40658256411552	
8	2	-0.14317961037159	-0.14798687398434	
8	3	-0.17747707664967	-0.12422329932451	
8	4	-0.034944083541632	-0.28645181655884	
8	5	-0.12636810541153	-0.023885605856776	
8	6	-0.01104431040585	0.10719379037619	
8	7	-0.22691248357296	0.017684780061245	
8	8	0.21012827754021	0.037110053002834	
8	9	0.087416902184486	-0.023905169218779	
8	10	-0.017840206623077	-0.056322809308767	
8	11	-0.20453031361103	-0.085431903600693	
8	12	-0.27312541007996	-0.58228152990341	
8	13	-0.061965670436621	-0.56035447120667	
8	14	-0.16829001903534	-0.20185385644436	
8	15	-0.16814982891083	-0.15796613693237	
8	16	-0.26148188114166	0.0067370431497693	
8	17	-0.1358345746994	-0.051915116608143	
8	18	0.06189750880003	0.15882754325867	
8	19	0.35019266605377	0.14552944898605	
8	20	0.11307473480701	0.0007118841749616	
8	21	0.045746237039566	-0.077945165336132	
8	22	-0.20457594096661	0.098158225417137	
8	23	-0.33014586567879	0.25561600923538	
8	24	-0.3879851102829	0.43796396255493	
8	25	-0.54953289031982	0.5717099905014	
8	26	-0.61160784959793	0.27044290304184	
8	27	-0.7227286696434	0.472092628479	
8	28	-0.74222278594971	0.35997444391251	
8	29	-0.34845876693726	0.31126308441162	
9	1	-0.027452152222395	-0.31291982531548	
9	2	-0.0916668176651	-0.044021219015121	
9	3	-0.062703609466553	0.0037480134051293	
9	4	0.012186552397907	-0.14020732045174	
9	5	-0.12217731773853	0.14503437280655	
9	6	0.021866247057915	0.32231202721596	
9	7	-0.22835953533649	0.23892860114574	
9	8	0.15897749364376	0.31250283122063	
9	9	-0.02684149518609	0.2394517660141	
9	10	-0.13114078342915	0.14971071481705	
9	11	-0.30328100919724	0.10106616467237	
9	12	-0.42464795708656	-0.45996680855751	
9	13	-0.23454661667347	-0.43988141417503	
9	14	-0.37074705958366	-0.09483115375042	
9	15	-0.41565302014351	-0.11843761056662	
9	16	-0.54595112800598	0.06084706261754	
9	17	-0.46307477355003	-0.018869422376156	
9	18	-0.20520022511482	0.20185919106007	
9	19	0.080366306006908	0.1756035387516	
9	20	-0.18082398176193	0.033178508281708	
9	21	-0.22283320128918	-0.096666172146797	
9	22	-0.48101225495338	0.1336639970541	
9	23	-0.64867997169495	0.22431409358978	
9	24	-0.67768234014511	0.45664322376251	
9	25	-0.82723301649094	0.62554949522018	
9	26	-0.94664764404297	0.29921901226044	
9	27	-1.0640343427658	0.44032597541809	
9	28	-1.0517950057983	0.29347908496857	
9	29	-0.62459409236908	0.28527465462685	
10	1	0.035495232790709	-0.45291247963905	
10	2	-0.024210998788476	-0.23541995882988	
10	3	-0.05297427251935	-0.21972441673279	
10	4	-0.041147034615278	-0.302464812994	
10	5	-0.20286311209202	-0.0096360752359033	
10	6	-0.045949272811413	0.11866091936827	
10	7	-0.30524238944054	-0.020526941865683	
10	8	0.077879436314106	0.036414749920368	
10	9	-0.092292763292789	-0.053077142685652	
10	10	-0.2030376791954	-0.18120786547661	
10	11	-0.39421826601028	-0.28528919816017	
10	12	-0.5582172870636	-0.79605329036713	
10	13	-0.34002554416656	-0.78942620754242	
10	14	-0.43977305293083	-0.42807087302208	
10	15	-0.52058482170105	-0.39049735665321	
10	16	-0.60192787647247	-0.20237438380718	
10	17	-0.56616914272308	-0.21898007392883	
10	18	-0.25759163498878	0.051110688596964	
10	19	-0.019452637061477	-0.019619574770331	
10	20	-0.21866956353188	-0.10545640438795	
10	21	-0.29339572787285	-0.18000347912312	
10	22	-0.60528749227524	-0.0036632507108152	
10	23	-0.83027148246765	0.046519372612238	
10	24	-0.92119795084	0.21610921621323	
10	25	-1.0576083660126	0.32794484496117	
10	26	-1.2050402164459	0.051543451845646	
10	27	-1.279036283493	0.17807334661484	
10	28	-1.2379560470581	0.054986778646708	
10	29	-0.84704315662384	0.099201336503029	
11	1	-0.18204368650913	-0.44007313251495	
11	2	-0.23876538872719	-0.21030206978321	
11	3	-0.31377077102661	-0.2268602848053	
11	4	-0.32606548070908	-0.36909195780754	
11	5	-0.49424049258232	-0.076915115118027	
11	6	-0.29275363683701	0.030176632106304	
11	7	-0.54213184118271	-0.14476776123047	
11	8	-0.10566945374012	-0.061355210840702	
11	9	-0.29760465025902	-0.14690478146076	
11	10	-0.35943686962128	-0.33829668164253	
11	11	-0.59489160776138	-0.48032948374748	
11	12	-0.75435388088226	-1.011639714241	
11	13	-0.49842312932014	-0.96979641914368	
11	14	-0.60172033309937	-0.54374969005585	
11	15	-0.64013707637787	-0.510413646698	
11	16	-0.68456345796585	-0.35476377606392	
11	17	-0.67027181386948	-0.37545365095139	
11	18	-0.31366574764252	-0.17219145596027	
11	19	-0.047774150967598	-0.30361461639404	
11	20	-0.2325773537159	-0.40264973044395	
11	21	-0.3493250310421	-0.49146196246147	
11	22	-0.63682866096497	-0.26991713047028	
11	23	-0.83314365148544	-0.17397382855415	
11	24	-0.94419687986374	0.0063102627173066	
11	25	-1.0211806297302	0.13035710155964	
11	26	-1.1476632356644	-0.1353757828474	
11	27	-1.1534737348557	-0.0043883705511689	
11	28	-1.1332212686539	-0.114850923419	
11	29	-0.79500621557236	-0.0060387970879674	
12	1	-0.38667705655098	-0.1067211702466	
12	2	-0.47316282987595	0.094132840633392	
12	3	-0.54190081357956	0.13113033771515	
12	4	-0.53005796670914	0.045562922954559	
12	5	-0.7595636844635	0.32002303004265	
12	6	-0.56121134757996	0.37629899382591	
12	7	-0.87219232320786	0.17527744174004	
12	8	-0.37380689382553	0.32029098272324	
12	9	-0.60317176580429	0.22828768193722	
12	10	-0.69766813516617	0.058825567364693	
12	11	-0.92380970716476	-0.14019553363323	
12	12	-1.1255220174789	-0.66675353050232	
12	13	-0.84258711338043	-0.61144542694092	
12	14	-1.0088658332825	-0.12432942539454	
12	15	-1.0159953832626	-0.087577849626541	
12	16	-1.0071262121201	0.0087122395634651	
12	17	-1.0153976678848	0.001772366464138	
12	18	-0.59538835287094	0.15117406845093	
12	19	-0.32919105887413	-0.046788364648819	
12	20	-0.45455083250999	-0.11474961042404	
12	21	-0.58100879192352	-0.2341787815094	
12	22	-0.83949238061905	-0.044677920639515	
12	23	-1.018529176712	0.089916750788689	
12	24	-1.1319832801819	0.23348258435726	
12	25	-1.2335044145584	0.32885798811913	
12	26	-1.3314152956009	0.095615401864052	
12	27	-1.3916335105896	0.16295422613621	
12	28	-1.3303700685501	0.075891442596912	
12	29	-0.94822537899017	0.13866306841373	
13	1	-0.4666847884655	-0.28105866909027	
13	2	-0.53885090351105	-0.14168410003185	
13	3	-0.62176078557968	-0.059011224657297	
13	4	-0.63047868013382	-0.17657981812954	
13	5	-0.90763229131699	0.040325421839952	
13	6	-0.69210982322693	0.14219731092453	
13	7	-1.0036222934723	-0.076404109597206	
13	8	-0.54471659660339	0.034939385950565	
13	9	-0.80313980579376	-0.11324320733547	
13	10	-0.84869641065598	-0.23209351301193	
13	11	-1.1309410333633	-0.42308115959167	
13	12	-1.3204457759857	-1.0152678489685	
13	13	-1.0962159633636	-0.93592077493668	
13	14	-1.2357403039932	-0.44435462355614	
13	15	-1.2815561294556	-0.46568721532822	
13	16	-1.3082323074341	-0.41920158267021	
13	17	-1.3587334156036	-0.36604210734367	
13	18	-0.9315869808197	-0.15029421448708	
13	19	-0.67156457901001	-0.36946880817413	
13	20	-0.79163843393326	-0.44362044334412	
13	21	-0.90367388725281	-0.50172626972198	
13	22	-1.1640104055405	-0.31314742565155	
13	23	-1.3516509532928	-0.18406620621681	
13	24	-1.4776167869568	-0.06518529355526	
13	25	-1.5877203941345	0.049147501587868	
13	26	-1.6736596822739	-0.16304901242256	
13	27	-1.7519668340683	-0.041427865624428	
13	28	-1.6244463920593	-0.10475517064333	
13	29	-1.1839907169342	-0.02970565110445	
14	1	-0.34290131926537	0.035247094929218	
14	2	-0.38210833072662	0.1263213455677	
14	3	-0.44015136361122	0.16236354410648	
14	4	-0.38196596503258	0.087011829018593	
14	5	-0.68222856521606	0.36248588562012	
14	6	-0.47065758705139	0.49197745323181	
14	7	-0.72383487224579	0.27108228206635	
14	8	-0.33326917886734	0.32153230905533	
14	9	-0.60791432857513	0.11573254317045	
14	10	-0.6772004365921	-0.048054166138172	
14	11	-1.0243155956268	-0.19544996321201	
14	12	-1.256032705307	-0.84154480695724	
14	13	-1.0413317680359	-0.7365494966507	
14	14	-1.1346583366394	-0.28020790219307	
14	15	-1.1728823184967	-0.28807845711708	
14	16	-1.256752371788	-0.29851213097572	
14	17	-1.3709298372269	-0.23801350593567	
14	18	-0.89193594455719	-0.044170156121254	
14	19	-0.65802991390228	-0.27648586034775	
14	20	-0.74098962545395	-0.40320238471031	
14	21	-0.81339102983475	-0.50019514560699	
14	22	-1.0557441711426	-0.35953024029732	
14	23	-1.2467842102051	-0.27521723508835	
14	24	-1.3819726705551	-0.16249690949917	
14	25	-1.550169467926	-0.092280462384224	
14	26	-1.6952705383301	-0.32007092237473	
14	27	-1.8415101766586	-0.21002033352852	
14	28	-1.7030158042908	-0.21984495222569	
14	29	-1.2565249204636	-0.16689442098141	
15	1	-0.50355970859528	0.20428867638111	
15	2	-0.47455304861069	0.29829162359238	
15	3	-0.48507907986641	0.36077108979225	
15	4	-0.36404073238373	0.28358188271523	
15	5	-0.71524554491043	0.55630230903625	
15	6	-0.56687313318253	0.70447337627411	
15	7	-0.82017457485199	0.41957923769951	
15	8	-0.47390520572662	0.40510475635529	
15	9	-0.77877533435822	0.19629617035389	
15	10	-0.79254019260406	-0.014225027523935	
15	11	-1.0785834789276	-0.14049498736858	
15	12	-1.2675759792328	-0.75784689188004	
15	13	-1.1144343614578	-0.65546584129333	
15	14	-1.2647684812546	-0.16307985782623	
15	15	-1.2396178245544	-0.15830302238464	
15	16	-1.2625164985657	-0.17132380604744	
15	17	-1.427437543869	-0.16886380314827	
15	18	-0.97194421291351	0.015030002221465	
15	19	-0.7338342666626	-0.27381032705307	
15	20	-0.79128986597061	-0.45787397027016	
15	21	-0.80790591239929	-0.53673619031906	
15	22	-1.0596843957901	-0.35338056087494	
15	23	-1.2237689495087	-0.24466669559479	
15	24	-1.3140163421631	-0.12731131911278	
15	25	-1.4763336181641	-0.076235666871071	
15	26	-1.5583909749985	-0.28666341304779	
15	27	-1.6395469903946	-0.21486015617847	
15	28	-1.5654426813126	-0.26047658920288	
15	29	-1.1367647647858	-0.16906575858593	
16	1	-0.36997613310814	0.24589192867279	
16	2	-0.38690894842148	0.29220846295357	
16	3	-0.38136902451515	0.34866470098495	
16	4	-0.26252013444901	0.3066101372242	
16	5	-0.60469931364059	0.6273877620697	
16	6	-0.47934672236443	0.76273620128632	
16	7	-0.67549753189087	0.45528215169907	
16	8	-0.39257058501244	0.48432755470276	
16	9	-0.72181206941605	0.27038380503654	
16	10	-0.73344397544861	-0.0062141101807356	
16	11	-1.0406404733658	-0.13232237100601	
16	12	-1.1728862524033	-0.68440842628479	
16	13	-0.99695491790771	-0.62965720891953	
16	14	-1.1666452884674	-0.11449605971575	
16	15	-1.1183910369873	-0.16585689783096	
16	16	-1.0770529508591	-0.24606454372406	
16	17	-1.2916724681854	-0.25889655947685	
16	18	-0.81660294532776	-0.073187500238419	
16	19	-0.63690680265427	-0.3168640434742	
16	20	-0.67003685235977	-0.45668783783913	
16	21	-0.67457687854767	-0.48996642231941	
16	22	-0.95298153162003	-0.26181524991989	
16	23	-1.1314760446548	-0.16071416437626	
16	24	-1.2725502252579	-0.016221033409238	
16	25	-1.4157607555389	-0.01181424036622	
16	26	-1.517494559288	-0.2341890335083	
16	27	-1.6282033920288	-0.16686642169952	
16	28	-1.5828921794891	-0.27918145060539	
16	29	-1.2068477869034	-0.209487169981	
17	1	-0.5951601266861	0.12327522784472	
17	2	-0.64152818918228	0.118732444942	
17	3	-0.59476667642593	0.18826194107533	
17	4	-0.46862286329269	0.17951326072216	
17	5	-0.81340980529785	0.50543808937073	
17	6	-0.70638519525528	0.60549992322922	
17	7	-0.96482533216476	0.2525994181633	
17	8	-0.71738415956497	0.32802933454514	
17	9	-1.0237659215927	0.15535417199135	
17	10	-1.015064239502	-0.063552752137184	
17	11	-1.3376672267914	-0.1451523154974	
17	12	-1.4824593067169	-0.63743793964386	
17	13	-1.2535117864609	-0.52202647924423	
17	14	-1.4028559923172	-0.055948309600353	
17	15	-1.3702077865601	-0.089842796325684	
17	16	-1.2766531705856	-0.19012366235256	
17	17	-1.4998635053635	-0.14279600977898	
17	18	-1.0525108575821	-0.0044701122678816	
17	19	-0.84512770175934	-0.23016554117203	
17	20	-0.82180744409561	-0.43301782011986	
17	21	-0.7646911740303	-0.45944362878799	
17	22	-1.0601631402969	-0.2639496922493	
17	23	-1.2601923942566	-0.14004193246365	
17	24	-1.3564170598984	0.041202533990145	
17	25	-1.4815471172333	0.10992981493473	
17	26	-1.5452969074249	-0.14146652817726	
17	27	-1.6584088802338	-0.01402348279953	
17	28	-1.6188622713089	-0.13251000642776	
17	29	-1.1896638870239	-0.047704484313726	
18	1	-0.8345775604248	0.12058615684509	
18	2	-0.92561215162277	0.061087910085917	
18	3	-0.88368302583694	0.17348279058933	
18	4	-0.80581349134445	0.21023567020893	
18	5	-1.1361689567566	0.47899106144905	
18	6	-1.0157152414322	0.52537101507187	
18	7	-1.3118989467621	0.20168091356754	
18	8	-1.1092674732208	0.32587486505508	
18	9	-1.352303147316	0.1530037522316	
18	10	-1.4026423692703	-0.01050434820354	
18	11	-1.6801668405533	-0.045499820262194	
18	12	-1.8500645160675	-0.51212042570114	
18	13	-1.6601520776749	-0.4555444419384	
18	14	-1.7927547693253	-0.051950741559267	
18	15	-1.7700661420822	-0.035536058247089	
18	16	-1.6226474046707	-0.14103308320045	
18	17	-1.7942913770676	-0.065034627914429	
18	18	-1.3499170541763	0.044405486434698	
18	19	-1.1660999059677	-0.20757319033146	
18	20	-1.1434557437897	-0.45055636763573	
18	21	-1.0513877868652	-0.41886642575264	
18	22	-1.2795202732086	-0.16228370368481	
18	23	-1.5430471897125	-0.044046431779861	
18	24	-1.6988830566406	0.14247965812683	
18	25	-1.7850685119629	0.17968229949474	
18	26	-1.7868307828903	-0.026312498375773	
18	27	-1.9240065813065	0.1417474001646	
18	28	-1.8265534639359	0.028137495741248	
18	29	-1.3482577800751	0.048111237585545	
19	1	-0.89678925275803	0.13839051127434	
19	2	-0.98515772819519	0.035163443535566	
19	3	-0.98524481058121	0.19637805223465	
19	4	-0.89634531736374	0.1694134324789	
19	5	-1.2702566385269	0.45985507965088	
19	6	-1.211822271347	0.47811657190323	
19	7	-1.4771115779877	0.15268941223621	
19	8	-1.3298174142838	0.30222374200821	
19	9	-1.5721805095673	0.17480318248272	
19	10	-1.5763224363327	0.027333471924067	
19	11	-1.8806072473526	-0.015324703417718	
19	12	-2.1178846359253	-0.45559310913086	
19	13	-1.9762407541275	-0.35985013842583	
19	14	-2.0861434936523	0.023203577846289	
19	15	-2.0939683914185	0.052489332854748	
19	16	-1.9006484746933	-0.037801325321198	
19	17	-2.0788290500641	-0.028248941525817	
19	18	-1.601842880249	0.0955850481987	
19	19	-1.4466849565506	-0.090518906712532	
19	20	-1.4195407629013	-0.28019499778748	
19	21	-1.3747732639313	-0.22309024631977	
19	22	-1.5905524492264	-0.012921147048473	
19	23	-1.8477561473846	0.14737039804459	
19	24	-1.94176197052	0.26914572715759	
19	25	-2.0030226707458	0.23894454538822	
19	26	-2.0246851444244	0.10115833580494	
19	27	-2.160219669342	0.21469254791737	
19	28	-2.0667493343353	0.097658067941666	
19	29	-1.5648124217987	0.1545756906271	
20	1	-0.79643851518631	0.3588390648365	
20	2	-0.82133132219315	0.25955355167389	
20	3	-0.85597574710846	0.46797195076942	
20	4	-0.71610188484192	0.4167375266552	
20	5	-1.1059176921844	0.65164113044739	
20	6	-1.1094589233398	0.60223305225372	
20	7	-1.3841943740845	0.27472716569901	
20	8	-1.2767759561539	0.44334557652473	
20	9	-1.5601552724838	0.28004521131516	
20	10	-1.572357416153	0.086807705461979	
20	11	-1.858500123024	0.010502735152841	
20	12	-2.0666980743408	-0.43870201706886	
20	13	-1.9453191757202	-0.37410312891006	
20	14	-2.0387427806854	0.027767514809966	
20	15	-2.0252461433411	0.1176890283823	
20	16	-1.8063683509827	-0.035265654325485	
20	17	-1.9968645572662	-0.084523394703865	
20	18	-1.5869679450989	0.032869078218937	
20	19	-1.442610502243	-0.19876247644424	
20	20	-1.4514245986938	-0.45667332410812	
20	21	-1.4232088327408	-0.34571588039398	
20	22	-1.6170257329941	-0.135817065835	
20	23	-1.8817677497864	-0.040045101195574	
20	24	-1.9435908794403	0.032275065779686	
20	25	-1.9587421417236	-0.021079439669847	
20	26	-1.9997802972794	-0.19738613069057	
20	27	-2.1756446361542	-0.07038389146328	
20	28	-2.0213816165924	-0.1558922380209	
20	29	-1.5555205345154	-0.057527258992195	
21	1	-0.98800939321518	0.14610390365124	
21	2	-0.94800263643265	0.021239859983325	
21	3	-0.92043220996857	0.18165817856789	
21	4	-0.83623605966568	0.090491689741611	
21	5	-1.2345305681229	0.35936751961708	
21	6	-1.2253675460815	0.31074672937393	
21	7	-1.4449338912964	-0.05742335319519	
21	8	-1.3474280834198	0.055228792130947	
21	9	-1.6343882083893	-0.17353281378746	
21	10	-1.6296979188919	-0.3389210999012	
21	11	-1.9385076761246	-0.4662139415741	
21	12	-2.1712784767151	-0.87887072563171	
21	13	-2.019294500351	-0.85116517543793	
21	14	-2.1491947174072	-0.4612797498703	
21	15	-2.1461002826691	-0.41727194190025	
21	16	-1.9338903427124	-0.56377220153809	
21	17	-2.1671423912048	-0.6591894030571	
21	18	-1.7195390462875	-0.54084140062332	
21	19	-1.6316615343094	-0.73544639348984	
21	20	-1.597238779068	-0.98426169157028	
21	21	-1.5153783559799	-0.89398831129074	
21	22	-1.7520083189011	-0.71535110473633	
21	23	-1.9684083461761	-0.58798915147781	
21	24	-2.0470371246338	-0.46641013026237	
21	25	-2.1106431484222	-0.51203662157059	
21	26	-2.1013233661652	-0.64022886753082	
21	27	-2.2222168445587	-0.44910395145416	
21	28	-2.0234618186951	-0.55535107851028	
21	29	-1.5205734968185	-0.39920049905777	
22	1	-0.89363306760788	0.18494868278503	
22	2	-0.81722903251648	0.081152990460396	
22	3	-0.72951835393906	0.27827078104019	
22	4	-0.61185199022293	0.23848733305931	
22	5	-1.0131781101227	0.56948190927505	
22	6	-1.0496423244476	0.53373599052429	
22	7	-1.2225917577744	0.18112321197987	
22	8	-1.1798644065857	0.24265192449093	
22	9	-1.4768208265305	0.022053958848119	
22	10	-1.4921035766602	-0.089927606284618	
22	11	-1.7746919393539	-0.19438397884369	
22	12	-1.9704167842865	-0.54242408275604	
22	13	-1.805291891098	-0.55552786588669	
22	14	-1.8745000362396	-0.20539715886116	
22	15	-1.9253336191177	-0.18240515887737	
22	16	-1.6570430994034	-0.37148195505142	
22	17	-1.9055935144424	-0.42312490940094	
22	18	-1.4227076768875	-0.24013270437717	
22	19	-1.3166307210922	-0.41222155094147	
22	20	-1.2821114063263	-0.63972550630569	
22	21	-1.2489248514175	-0.53640401363373	
22	22	-1.5289359092712	-0.41398108005524	
22	23	-1.762220621109	-0.24940474331379	
22	24	-1.8293851613998	-0.17341849207878	
22	25	-1.8461544513702	-0.24536949396133	
22	26	-1.8649559020996	-0.33263343572617	
22	27	-1.9460347890854	-0.18971510231495	
22	28	-1.7778624296188	-0.29858636856079	
22	29	-1.3309991359711	-0.1745707988739	
23	1	-0.90296816825867	0.382389575243	
23	2	-0.76543456315994	0.31798514723778	
23	3	-0.72183156013489	0.52551525831223	
23	4	-0.58940362930298	0.47614461183548	
23	5	-0.99002397060394	0.81324827671051	
23	6	-0.96407032012939	0.83058744668961	
23	7	-1.0688543319702	0.44082534313202	
23	8	-1.0894330739975	0.43503242731094	
23	9	-1.3802574872971	0.15733437240124	
23	10	-1.4074976444244	0.015072198584676	
23	11	-1.7476545572281	-0.091736651957035	
23	12	-1.8773287534714	-0.50043791532516	
23	13	-1.7523627281189	-0.48431006073952	
23	14	-1.7935676574707	-0.10095819085836	
23	15	-1.8280873298645	-0.094993375241756	
23	16	-1.5741548538208	-0.29536131024361	
23	17	-1.8354997634888	-0.3919752240181	
23	18	-1.4134167432785	-0.20130614936352	
23	19	-1.3337249755859	-0.43738806247711	
23	20	-1.2731792926788	-0.6755685210228	
23	21	-1.2480189800262	-0.60779905319214	
23	22	-1.5648106336594	-0.50913286209106	
23	23	-1.7697809934616	-0.40276193618774	
23	24	-1.813547372818	-0.33149185776711	
23	25	-1.7826110124588	-0.43838679790497	
23	26	-1.7728098630905	-0.46860364079475	
23	27	-1.8153723478317	-0.25876423716545	
23	28	-1.6359577178955	-0.4298791885376	
23	29	-1.160776257515	-0.34402742981911	
24	1	-1.0573768615723	0.38422852754593	
24	2	-0.97592568397522	0.30191597342491	
24	3	-0.89630270004272	0.5453462600708	
24	4	-0.71508723497391	0.51654088497162	
24	5	-1.0976865291595	0.83082437515259	
24	6	-1.0057654380798	0.86202746629715	
24	7	-1.1031818389893	0.51690435409546	
24	8	-1.0899330377579	0.52194225788116	
24	9	-1.3980168104172	0.30207869410515	
24	10	-1.4290769100189	0.15628808736801	
24	11	-1.7727410793304	0.037316288799047	
24	12	-1.8717617988586	-0.33311715722084	
24	13	-1.7863104343414	-0.37283307313919	
24	14	-1.8247463703156	0.0042737149633467	
24	15	-1.8346230983734	0.073576427996159	
24	16	-1.5217087268829	-0.065417625010014	
24	17	-1.7920053005219	-0.14057253301144	
24	18	-1.429283618927	0.07951769977808	
24	19	-1.2877416610718	-0.11635893583298	
24	20	-1.2255303859711	-0.37355825304985	
24	21	-1.1889016628265	-0.35843747854233	
24	22	-1.4390008449554	-0.30737501382828	
24	23	-1.6361210346222	-0.16684325039387	
24	24	-1.6553065776825	-0.11528111994267	
24	25	-1.6305018663406	-0.24141858518124	
24	26	-1.5827205181122	-0.22932882606983	
24	27	-1.5646963119507	0.023712195456028	
24	28	-1.4406002759933	-0.15384484827518	
24	29	-0.98268377780914	-0.1254156678915	
25	1	-1.1217687129974	0.090221710503101	
25	2	-1.0982977151871	0.00049016147386283	
25	3	-1.0277014970779	0.29794818162918	
25	4	-0.78135871887207	0.27836060523987	
25	5	-1.1657040119171	0.54600661993027	
25	6	-1.0152999162674	0.55390238761902	
25	7	-1.1706335544586	0.24494187533855	
25	8	-1.2170031070709	0.23120126128197	
25	9	-1.5829043388367	-0.00080334895756096	
25	10	-1.6213694810867	-0.098587706685066	
25	11	-1.9166909456253	-0.26891535520554	
25	12	-2.0130405426025	-0.6092237830162	
25	13	-1.9113854169846	-0.64226192235947	
25	14	-1.9817584753036	-0.26630613207817	
25	15	-1.9729661941528	-0.23421038687229	
25	16	-1.7214293479919	-0.35812401771545	
25	17	-1.9362590312958	-0.36615893244743	
25	18	-1.5384073257446	-0.11191757023335	
25	19	-1.4647133350372	-0.2608445584774	
25	20	-1.3639318943024	-0.49542558193207	
25	21	-1.3078444004059	-0.53209871053696	
25	22	-1.4921830892563	-0.46635097265244	
25	23	-1.667900800705	-0.33402854204178	
25	24	-1.7178272008896	-0.25086688995361	
25	25	-1.6584281921387	-0.31203931570053	
25	26	-1.6296018362045	-0.3232274055481	
25	27	-1.5594407320023	-0.032417479902506	
25	28	-1.4424787759781	-0.15840557217598	
25	29	-1.0450838804245	-0.090350024402142	
26	1	-1.1015837192535	0.40167471766472	
26	2	-1.0938255786896	0.32504108548164	
26	3	-1.0416367053986	0.63562619686127	
26	4	-0.75937122106552	0.59788846969604	
26	5	-1.1753751039505	0.88607841730118	
26	6	-1.0077192783356	0.90702646970749	
26	7	-1.0960654020309	0.59198206663132	
26	8	-1.2092930078506	0.58339768648148	
26	9	-1.5214502811432	0.38615337014198	
26	10	-1.5179682970047	0.22868996858597	
26	11	-1.7864716053009	0.09773338586092	
26	12	-1.8411612510681	-0.31043460965157	
26	13	-1.7712132930756	-0.28522911667824	
26	14	-1.8522144556046	0.029264288023114	
26	15	-1.9003438949585	0.11283126473427	
26	16	-1.7136529684067	-0.068371117115021	
26	17	-1.8974574804306	-0.13238479197025	
26	18	-1.5379195213318	0.074566848576069	
26	19	-1.4303677082062	-0.064941085875034	
26	20	-1.3078800439835	-0.33561035990715	
26	21	-1.2196946144104	-0.41836452484131	
26	22	-1.4157471656799	-0.30516350269318	
26	23	-1.6240074634552	-0.14808036386967	
26	24	-1.6798226833344	-0.049088552594185	
26	25	-1.6876378059387	-0.13171873986721	
26	26	-1.6084380149841	-0.20019116997719	
26	27	-1.5252776145935	0.022229950875044	
26	28	-1.3686722517014	-0.09946695715189	
26	29	-1.0186491012573	-0.063399210572243	
27	1	-1.2369496822357	0.41533917188644	
27	2	-1.2462244033813	0.40589016675949	
27	3	-1.2611422538757	0.65006017684937	
27	4	-1.0184581279755	0.67385053634644	
27	5	-1.4897776842117	0.91657334566116	
27	6	-1.3605365753174	0.90037006139755	
27	7	-1.3915671110153	0.60459703207016	
27	8	-1.4903938770294	0.65446650981903	
27	9	-1.8395571708679	0.52189761400223	
27	10	-1.813880443573	0.29975301027298	
27	11	-2.077999830246	0.21082901954651	
27	12	-2.1265811920166	-0.2390996068716	
27	13	-2.0844311714172	-0.18657374382019	
27	14	-2.1758508682251	0.15794634819031	
27	15	-2.2318913936615	0.19832530617714	
27	16	-1.998221039772	-0.025653446093202	
27	17	-2.1559934616089	-0.13434207439423	
27	18	-1.7347292900085	0.017537904903293	
27	19	-1.5951076745987	-0.099108964204788	
27	20	-1.4396163225174	-0.32232663035393	
27	21	-1.306343793869	-0.37592932581902	
27	22	-1.4611555337906	-0.25672742724419	
27	23	-1.6575244665146	-0.060123108327389	
27	24	-1.6910607814789	-0.0069912835024297	
27	25	-1.7172064781189	-0.098823733627796	
27	26	-1.696072101593	-0.11991282552481	
27	27	-1.6657698154449	0.050956949591637	
27	28	-1.5760569572449	-0.011411583982408	
27	29	-1.2094650268555	-0.0075242049060762	
28	1	-1.0195715427399	0.18246345221996	
28	2	-1.0580824613571	0.15265288949013	
28	3	-1.1410043239594	0.42776131629944	
28	4	-0.89450967311859	0.45683526992798	
28	5	-1.3097385168076	0.67182755470276	
28	6	-1.1639841794968	0.61700105667114	
28	7	-1.1350405216217	0.29659423232079	
28	8	-1.2171479463577	0.37324994802475	
28	9	-1.5553246736526	0.18721547722816	
28	10	-1.5111145973206	-0.025872159749269	
28	11	-1.7339562177658	-0.10351776331663	
28	12	-1.7552671432495	-0.48622739315033	
28	13	-1.7484958171844	-0.42571100592613	
28	14	-1.8985313177109	-0.12094348669052	
28	15	-1.9704656600952	-0.017530964687467	
28	16	-1.7277606725693	-0.29771882295609	
28	17	-1.9038214683533	-0.39437493681908	
28	18	-1.509256362915	-0.28422164916992	
28	19	-1.3946130275726	-0.33999317884445	
28	20	-1.1875367164612	-0.5488013625145	
28	21	-1.1078621149063	-0.54117238521576	
28	22	-1.2030546665192	-0.37482386827469	
28	23	-1.4126269817352	-0.18928980827332	
28	24	-1.437004327774	-0.10946782678366	
28	25	-1.4741008281708	-0.17498685419559	
28	26	-1.5190349817276	-0.13331831991673	
28	27	-1.4740110635757	0.0038800004404038	
28	28	-1.4355194568634	-0.01782974973321	
28	29	-1.127805352211	-0.029539842158556	
29	1	-0.95804989337921	-0.044421326369047	
29	2	-0.96477872133255	-0.12352552264929	
29	3	-0.98292315006256	0.2047308832407	
29	4	-0.77610617876053	0.25475788116455	
29	5	-1.1500473022461	0.41158309578896	
29	6	-1.0469819307327	0.41017061471939	
29	7	-1.0059394836426	0.083927057683468	
29	8	-1.0820128917694	0.15325617790222	
29	9	-1.3594579696655	-0.09058977663517	
29	10	-1.3340958356857	-0.3499368429184	
29	11	-1.5682861804962	-0.38651090860367	
29	12	-1.5783399343491	-0.768718957901	
29	13	-1.5420151948929	-0.75720822811127	
29	14	-1.7069337368011	-0.5157555937767	
29	15	-1.7110488414764	-0.38374805450439	
29	16	-1.5007816553116	-0.64453852176666	
29	17	-1.6586083173752	-0.75052779912949	
29	18	-1.331904053688	-0.60102760791779	
29	19	-1.2648767232895	-0.65051293373108	
29	20	-1.1206049919128	-0.79282665252686	
29	21	-1.0732136964798	-0.80589818954468	
29	22	-1.1218160390854	-0.66252225637436	
29	23	-1.265393614769	-0.41714689135551	
29	24	-1.3147381544113	-0.30434939265251	
29	25	-1.3082802295685	-0.40692454576492	
29	26	-1.2973929643631	-0.29847529530525	
29	27	-1.1932139396667	-0.17147052288055	
29	28	-1.216396689415	-0.19388821721077	
29	29	-0.95478361845016	-0.18293827772141	